[Config]
bunchofnumbers=7N0O6S3E2H6S57O1T3T6I2M5B8U5S6
[Objects]
958233=1,1,,1,,479214,Skyrim.esm,-1,-1,,1,,476242,Skyrim.esm
958424=1,1,1,1,,614752,Skyrim.esm,-1,-1,,1,,614731,Skyrim.esm
958425=1,1,1,1,,614752,Skyrim.esm,-1,-1,,1,,476042,Skyrim.esm
958426=1,1,,1,,614753,Skyrim.esm,-1,-1,,1,,943229,Skyrim.esm
958427=1,1,,1,,614753,Skyrim.esm,-1,-1,,1,,614764,Skyrim.esm
958428=1,1,1,1,,614752,Skyrim.esm,-1,-1,,1,,614739,Skyrim.esm
958429=1,1,1,1,,614752,Skyrim.esm,-1,-1,,1,,614733,Skyrim.esm
958430=1,1,1,1,,614752,Skyrim.esm,-1,-1,,1,,316853,Skyrim.esm
958431=1,1,1,1,,614752,Skyrim.esm,-1,-1,,1,,476019,Skyrim.esm
958432=1,1,,1,,614753,Skyrim.esm,-1,-1,,1,,614812,Skyrim.esm
958433=1,1,1,1,,614752,Skyrim.esm,-1,-1,,1,,614716,Skyrim.esm
958434=1,1,1,1,,614752,Skyrim.esm,-1,-1,,1,,614735,Skyrim.esm
958435=1,1,1,1,,614752,Skyrim.esm,-1,-1,,1,,476034,Skyrim.esm
958436=1,1,,1,,614753,Skyrim.esm,-1,-1,,1,,316785,Skyrim.esm
958437=1,1,,1,,614753,Skyrim.esm,-1,-1,,1,,614760,Skyrim.esm
958438=1,1,1,1,,614752,Skyrim.esm,-1,-1,,1,,476098,Skyrim.esm
958439=1,1,1,1,,614752,Skyrim.esm,-1,-1,,1,,614722,Skyrim.esm
958440=1,1,1,1,,614752,Skyrim.esm,-1,-1,,1,,614724,Skyrim.esm
958441=1,1,,1,,614753,Skyrim.esm,-1,-1,,1,,614763,Skyrim.esm
958442=1,1,1,1,,614752,Skyrim.esm,-1,-1,,1,,476046,Skyrim.esm
958443=1,1,1,1,,614752,Skyrim.esm,-1,-1,,1,,614729,Skyrim.esm
958444=1,1,1,1,,614752,Skyrim.esm,-1,-1,,1,,476061,Skyrim.esm
958445=1,1,,1,,614753,Skyrim.esm,-1,-1,,1,,614775,Skyrim.esm
958446=1,1,1,1,,614752,Skyrim.esm,-1,-1,,1,,475971,Skyrim.esm
958447=1,1,,1,,614753,Skyrim.esm,-1,-1,,1,,614816,Skyrim.esm
958448=1,1,1,1,,614752,Skyrim.esm,-1,-1,,1,,476023,Skyrim.esm
958449=1,1,1,1,,614752,Skyrim.esm,-1,-1,,1,,476116,Skyrim.esm
958450=1,1,1,1,,614752,Skyrim.esm,-1,-1,,1,,475983,Skyrim.esm
958451=1,1,,1,,614753,Skyrim.esm,-1,-1,,1,,614818,Skyrim.esm
958452=1,1,,1,,614753,Skyrim.esm,-1,-1,,1,,943231,Skyrim.esm
958453=1,1,,1,,614753,Skyrim.esm,-1,-1,,1,,943226,Skyrim.esm
958454=1,1,,1,,614753,Skyrim.esm,-1,-1,,1,,614761,Skyrim.esm
958455=1,1,1,1,,614752,Skyrim.esm,-1,-1,,1,,476052,Skyrim.esm
958456=1,1,1,1,,614752,Skyrim.esm,-1,-1,,1,,476024,Skyrim.esm
958457=1,1,,1,,614753,Skyrim.esm,-1,-1,,1,,614811,Skyrim.esm
958458=1,1,1,1,,614752,Skyrim.esm,-1,-1,,1,,614728,Skyrim.esm
958459=1,1,1,1,,614752,Skyrim.esm,-1,-1,,1,,476025,Skyrim.esm
958460=1,1,,1,,614753,Skyrim.esm,-1,-1,,1,,943217,Skyrim.esm
958461=1,1,1,1,,614752,Skyrim.esm,-1,-1,,1,,316786,Skyrim.esm
958462=1,1,1,1,,614752,Skyrim.esm,-1,-1,,1,,476110,Skyrim.esm
958463=1,1,1,1,,614752,Skyrim.esm,-1,-1,,1,,476131,Skyrim.esm
958464=1,1,,1,,614753,Skyrim.esm,-1,-1,,1,,316814,Skyrim.esm
958465=1,1,1,1,,614752,Skyrim.esm,-1,-1,,1,,476113,Skyrim.esm
958466=1,1,1,1,,614752,Skyrim.esm,-1,-1,,1,,476109,Skyrim.esm
958467=1,1,1,1,,614752,Skyrim.esm,-1,-1,,1,,476097,Skyrim.esm
958468=1,1,1,1,,614752,Skyrim.esm,-1,-1,,1,,476055,Skyrim.esm
958469=1,1,1,1,,614752,Skyrim.esm,-1,-1,,1,,475960,Skyrim.esm
958470=1,1,1,1,,614752,Skyrim.esm,-1,-1,,1,,476062,Skyrim.esm
958471=1,1,,1,,614753,Skyrim.esm,-1,-1,,1,,614821,Skyrim.esm
958472=1,1,,1,,614753,Skyrim.esm,-1,-1,,1,,943230,Skyrim.esm
958473=1,1,,1,,614753,Skyrim.esm,-1,-1,,1,,316772,Skyrim.esm
958474=1,1,1,1,,614752,Skyrim.esm,-1,-1,,1,,614727,Skyrim.esm
958475=1,1,1,1,,614752,Skyrim.esm,-1,-1,,1,,475977,Skyrim.esm
958476=1,,1,1,,614752,Skyrim.esm,-1,-1,,1,,614756,Skyrim.esm
958477=1,1,1,1,,614752,Skyrim.esm,-1,-1,,1,,476048,Skyrim.esm
958478=1,1,1,1,,614752,Skyrim.esm,-1,-1,,1,,476107,Skyrim.esm
958479=1,1,1,1,,614752,Skyrim.esm,-1,-1,,1,,475958,Skyrim.esm
958480=1,1,1,1,,614752,Skyrim.esm,-1,-1,,1,,476050,Skyrim.esm
958481=1,1,1,1,,614752,Skyrim.esm,-1,-1,,1,,476114,Skyrim.esm
958482=1,1,,1,,614753,Skyrim.esm,-1,-1,,1,,943220,Skyrim.esm
958483=1,1,1,1,,614752,Skyrim.esm,-1,-1,,1,,476064,Skyrim.esm
958484=1,1,1,1,,614752,Skyrim.esm,-1,-1,,1,,475962,Skyrim.esm
958485=1,,1,1,,614752,Skyrim.esm,-1,-1,,1,,476329,Skyrim.esm
958486=1,1,1,1,,614752,Skyrim.esm,-1,-1,,1,,476030,Skyrim.esm
958487=1,1,,1,,614753,Skyrim.esm,-1,-1,,1,,316818,Skyrim.esm
958488=1,1,,1,,614753,Skyrim.esm,-1,-1,,1,,614757,Skyrim.esm
958489=1,1,1,1,,614752,Skyrim.esm,-1,-1,,1,,476112,Skyrim.esm
958490=1,1,1,1,,614752,Skyrim.esm,-1,-1,,1,,476063,Skyrim.esm
958491=1,1,1,1,,614752,Skyrim.esm,-1,-1,,1,,476108,Skyrim.esm
958492=1,1,1,1,,614752,Skyrim.esm,-1,-1,,1,,475984,Skyrim.esm
958493=1,1,1,1,,614752,Skyrim.esm,-1,-1,,1,,476020,Skyrim.esm
958494=1,1,1,1,,614752,Skyrim.esm,-1,-1,,1,,476047,Skyrim.esm
958495=1,1,,1,,614753,Skyrim.esm,-1,-1,,1,,614813,Skyrim.esm
958496=1,1,,1,,614753,Skyrim.esm,-1,-1,,1,,316777,Skyrim.esm
958497=1,1,1,1,,614752,Skyrim.esm,-1,-1,,1,,476049,Skyrim.esm
958498=1,1,,1,,614753,Skyrim.esm,-1,-1,,1,,316782,Skyrim.esm
958499=1,1,,1,,614753,Skyrim.esm,-1,-1,,1,,614803,Skyrim.esm
958500=1,1,1,1,,614752,Skyrim.esm,-1,-1,,1,,614726,Skyrim.esm
958501=1,1,1,1,,614752,Skyrim.esm,-1,-1,,1,,614730,Skyrim.esm
958502=1,1,1,1,,614752,Skyrim.esm,-1,-1,,1,,476009,Skyrim.esm
958503=1,1,1,1,,614752,Skyrim.esm,-1,-1,,1,,475964,Skyrim.esm
958504=1,1,1,1,,614752,Skyrim.esm,-1,-1,,1,,476053,Skyrim.esm
958505=1,1,1,1,,614752,Skyrim.esm,-1,-1,,1,,476004,Skyrim.esm
958506=1,1,1,1,,614752,Skyrim.esm,-1,-1,,1,,316765,Skyrim.esm
958507=1,1,,1,,614753,Skyrim.esm,-1,-1,,1,,614806,Skyrim.esm
958508=1,1,1,1,,614752,Skyrim.esm,-1,-1,,1,,476117,Skyrim.esm
958509=1,1,1,1,,614752,Skyrim.esm,-1,-1,,1,,476059,Skyrim.esm
958510=1,1,,1,,614753,Skyrim.esm,-1,-1,,1,,943228,Skyrim.esm
958511=1,1,1,1,,614752,Skyrim.esm,-1,-1,,1,,476051,Skyrim.esm
958512=1,1,,1,,614753,Skyrim.esm,-1,-1,,1,,316812,Skyrim.esm
958513=1,1,,1,,614753,Skyrim.esm,-1,-1,,1,,943227,Skyrim.esm
958514=1,1,1,1,,614752,Skyrim.esm,-1,-1,,1,,476111,Skyrim.esm
958515=1,1,1,1,,614752,Skyrim.esm,-1,-1,,1,,316787,Skyrim.esm
958516=1,1,1,1,,614752,Skyrim.esm,-1,-1,,1,,476010,Skyrim.esm
958517=1,1,1,1,,614752,Skyrim.esm,-1,-1,,1,,316854,Skyrim.esm
958518=1,1,1,1,,614752,Skyrim.esm,-1,-1,,1,,614723,Skyrim.esm
958519=1,1,1,1,,614752,Skyrim.esm,-1,-1,,1,,614721,Skyrim.esm
958520=1,1,,1,,614753,Skyrim.esm,-1,-1,,1,,316798,Skyrim.esm
958521=1,1,1,1,,614752,Skyrim.esm,-1,-1,,1,,475961,Skyrim.esm
958522=1,1,1,1,,614752,Skyrim.esm,-1,-1,,1,,476029,Skyrim.esm
958523=1,1,1,1,,614752,Skyrim.esm,-1,-1,,1,,614732,Skyrim.esm
958524=1,1,1,1,,614752,Skyrim.esm,-1,-1,,1,,476037,Skyrim.esm
958525=1,1,,1,,614753,Skyrim.esm,-1,-1,,1,,614822,Skyrim.esm
958526=1,1,,1,,614753,Skyrim.esm,-1,-1,,1,,614774,Skyrim.esm
958527=1,1,1,1,,614752,Skyrim.esm,-1,-1,,1,,475959,Skyrim.esm
958528=1,1,1,1,,614752,Skyrim.esm,-1,-1,,1,,476056,Skyrim.esm
958529=1,1,,1,,614753,Skyrim.esm,-1,-1,,1,,316770,Skyrim.esm
958530=1,1,1,1,,614752,Skyrim.esm,-1,-1,,1,,614734,Skyrim.esm
958531=1,1,1,1,,614752,Skyrim.esm,-1,-1,,1,,476039,Skyrim.esm
958532=1,1,,1,,614753,Skyrim.esm,-1,-1,,1,,614814,Skyrim.esm
958533=1,1,,1,,614753,Skyrim.esm,-1,-1,,1,,316774,Skyrim.esm
958534=1,1,1,1,,614752,Skyrim.esm,-1,-1,,1,,476035,Skyrim.esm
958535=1,1,,1,,614753,Skyrim.esm,-1,-1,,1,,614819,Skyrim.esm
958536=1,1,1,1,,614752,Skyrim.esm,-1,-1,,1,,614725,Skyrim.esm
958537=1,1,,1,,614753,Skyrim.esm,-1,-1,,1,,614820,Skyrim.esm
958538=1,1,1,1,,614752,Skyrim.esm,-1,-1,,1,,476094,Skyrim.esm
958539=1,1,1,1,,614752,Skyrim.esm,-1,-1,,1,,476040,Skyrim.esm
958540=1,1,1,1,,614752,Skyrim.esm,-1,-1,,1,,475965,Skyrim.esm
958541=1,1,,1,,614753,Skyrim.esm,-1,-1,,1,,316769,Skyrim.esm
958542=1,1,1,1,,614752,Skyrim.esm,-1,-1,,1,,265068,Skyrim.esm
958543=1,1,1,1,,614752,Skyrim.esm,-1,-1,1,1,l1_windows,265068,Skyrim.esm
958544=1,1,1,1,,614752,Skyrim.esm,-1,-1,,1,,476058,Skyrim.esm
958545=1,1,,1,,614753,Skyrim.esm,-1,-1,,1,,614810,Skyrim.esm
958546=1,1,1,1,,614752,Skyrim.esm,-1,-1,,1,,614741,Skyrim.esm
958547=1,1,1,1,,614752,Skyrim.esm,-1,-1,,1,,476065,Skyrim.esm
958548=1,1,1,1,,614752,Skyrim.esm,-1,-1,,1,,476054,Skyrim.esm
958549=1,1,,1,,614753,Skyrim.esm,-1,-1,,1,,316773,Skyrim.esm
958550=1,1,1,1,,614752,Skyrim.esm,-1,-1,,1,,476129,Skyrim.esm
958551=1,1,1,1,,614752,Skyrim.esm,-1,-1,,1,,476057,Skyrim.esm
958552=1,1,1,1,,614752,Skyrim.esm,-1,-1,,1,,476021,Skyrim.esm
958553=1,1,,1,,614753,Skyrim.esm,-1,-1,,1,,614762,Skyrim.esm
958554=1,1,1,1,,614752,Skyrim.esm,-1,-1,,1,,476096,Skyrim.esm
958555=1,1,1,1,,614752,Skyrim.esm,-1,-1,,1,,476115,Skyrim.esm
958556=1,1,1,1,,614752,Skyrim.esm,-1,-1,,1,,476060,Skyrim.esm
958557=1,1,,1,,614753,Skyrim.esm,-1,-1,,1,,614759,Skyrim.esm
958558=1,1,,1,,614753,Skyrim.esm,-1,-1,,1,,614804,Skyrim.esm
958561=1,1,1,1,,355073,Skyrim.esm,-1,-1,,1,,149902,Skyrim.esm
958564=1,1,,1,,479236,Skyrim.esm,-1,-1,,1,,479217,Skyrim.esm
958565=1,1,1,1,,479215,Skyrim.esm,-1,-1,,1,,333390,Skyrim.esm
958566=1,1,1,1,,479215,Skyrim.esm,-1,-1,,1,,479174,Skyrim.esm
958567=1,1,,1,,614753,Skyrim.esm,-1,-1,,1,,479213,Skyrim.esm
958568=1,1,1,1,,479215,Skyrim.esm,-1,-1,,1,,479175,Skyrim.esm
958569=1,1,,1,,614753,Skyrim.esm,-1,-1,,1,,479260,Skyrim.esm
958570=1,1,,1,,479236,Skyrim.esm,-1,-1,,1,,479216,Skyrim.esm
958573=1,1,1,1,,614752,Skyrim.esm,-1,-1,,1,,476173,Skyrim.esm
958574=1,1,1,1,,614752,Skyrim.esm,-1,-1,,1,,476152,Skyrim.esm
958575=1,1,,1,,614753,Skyrim.esm,-1,-1,,1,,614847,Skyrim.esm
958576=1,1,1,1,,614752,Skyrim.esm,-1,-1,,1,,476172,Skyrim.esm
958577=1,1,,1,,614753,Skyrim.esm,-1,-1,,1,,614858,Skyrim.esm
958578=1,1,,1,,614753,Skyrim.esm,-1,-1,,1,,614790,Skyrim.esm
958579=1,1,,1,,614753,Skyrim.esm,-1,-1,,1,,316843,Skyrim.esm
958580=1,1,1,1,,614752,Skyrim.esm,-1,-1,,1,,476127,Skyrim.esm
958581=1,1,1,1,,614752,Skyrim.esm,-1,-1,,1,,476136,Skyrim.esm
958582=1,1,1,1,,614752,Skyrim.esm,-1,-1,,1,,476183,Skyrim.esm
958583=1,1,,1,,614753,Skyrim.esm,-1,-1,,1,,614831,Skyrim.esm
958584=1,1,1,1,,614752,Skyrim.esm,-1,-1,,1,,476185,Skyrim.esm
958585=1,1,,1,,614753,Skyrim.esm,-1,-1,,1,,614792,Skyrim.esm
958586=1,1,,1,,614753,Skyrim.esm,-1,-1,,1,,945589,Skyrim.esm
958587=1,1,1,1,,614752,Skyrim.esm,-1,-1,,1,,476143,Skyrim.esm
958588=1,1,1,1,,614752,Skyrim.esm,-1,-1,,1,,476175,Skyrim.esm
958589=1,1,1,1,,614752,Skyrim.esm,-1,-1,,1,,614673,Skyrim.esm
958590=1,1,1,1,,614752,Skyrim.esm,-1,-1,,1,,476163,Skyrim.esm
958591=1,1,1,1,,614752,Skyrim.esm,-1,-1,,1,,476151,Skyrim.esm
958592=1,1,,1,,614753,Skyrim.esm,-1,-1,,1,,945591,Skyrim.esm
958593=1,1,,1,,614753,Skyrim.esm,-1,-1,,1,,316844,Skyrim.esm
958594=1,1,1,1,,614752,Skyrim.esm,-1,-1,,1,,476134,Skyrim.esm
958595=1,1,1,1,,614752,Skyrim.esm,-1,-1,,1,,476128,Skyrim.esm
958596=1,1,1,1,,614752,Skyrim.esm,-1,-1,,1,,475953,Skyrim.esm
958597=1,1,1,1,,614752,Skyrim.esm,-1,-1,,1,,476165,Skyrim.esm
958598=1,1,1,1,,614752,Skyrim.esm,-1,-1,,1,,476188,Skyrim.esm
958599=1,1,1,1,,614752,Skyrim.esm,-1,-1,,1,,476189,Skyrim.esm
958600=1,1,,1,,614753,Skyrim.esm,-1,-1,,1,,945584,Skyrim.esm
958601=1,1,,1,,614753,Skyrim.esm,-1,-1,,1,,945595,Skyrim.esm
958602=1,1,1,1,,614752,Skyrim.esm,-1,-1,,1,,476170,Skyrim.esm
958603=1,1,1,1,,614752,Skyrim.esm,-1,-1,,1,,316751,Skyrim.esm
958604=1,1,,1,,614753,Skyrim.esm,-1,-1,,1,,614865,Skyrim.esm
958605=1,1,1,1,,614752,Skyrim.esm,-1,-1,,1,,476126,Skyrim.esm
958606=1,1,1,1,,614752,Skyrim.esm,-1,-1,,1,,475954,Skyrim.esm
958607=1,1,1,1,,614752,Skyrim.esm,-1,-1,,1,,476142,Skyrim.esm
958608=1,1,,1,,614753,Skyrim.esm,-1,-1,,1,,614867,Skyrim.esm
958609=1,1,,1,,614753,Skyrim.esm,-1,-1,,1,,614791,Skyrim.esm
958610=1,1,,1,,614753,Skyrim.esm,-1,-1,,1,,945583,Skyrim.esm
958611=1,1,1,1,,614752,Skyrim.esm,-1,-1,,1,,476140,Skyrim.esm
958612=1,1,1,1,,614752,Skyrim.esm,-1,-1,,1,,476153,Skyrim.esm
958613=1,1,,1,,614753,Skyrim.esm,-1,-1,,1,,614864,Skyrim.esm
958614=1,1,1,1,,614752,Skyrim.esm,-1,-1,,1,,476194,Skyrim.esm
958615=1,1,1,1,,614752,Skyrim.esm,-1,-1,,1,,476182,Skyrim.esm
958616=1,1,,1,,614753,Skyrim.esm,-1,-1,,1,,614848,Skyrim.esm
958617=1,1,1,1,,614752,Skyrim.esm,-1,-1,,1,,476195,Skyrim.esm
958618=1,1,,1,,614753,Skyrim.esm,-1,-1,,1,,614799,Skyrim.esm
958619=1,1,,1,,614753,Skyrim.esm,-1,-1,,1,,614833,Skyrim.esm
958620=1,1,1,1,,614752,Skyrim.esm,-1,-1,,1,,476193,Skyrim.esm
958621=1,1,,1,,614753,Skyrim.esm,-1,-1,,1,,316849,Skyrim.esm
958622=1,1,1,1,,614752,Skyrim.esm,-1,-1,,1,,476181,Skyrim.esm
958623=1,1,1,1,,614752,Skyrim.esm,-1,-1,,1,,476159,Skyrim.esm
958624=1,1,,1,,614753,Skyrim.esm,-1,-1,,1,,316847,Skyrim.esm
958625=1,1,1,1,,614752,Skyrim.esm,-1,-1,,1,,476132,Skyrim.esm
958626=1,1,1,1,,614752,Skyrim.esm,-1,-1,,1,,476154,Skyrim.esm
958627=1,1,,1,,614753,Skyrim.esm,-1,-1,,1,,614793,Skyrim.esm
958628=1,1,1,1,,614752,Skyrim.esm,-1,-1,,1,,476139,Skyrim.esm
958629=1,1,,1,,614753,Skyrim.esm,-1,-1,,1,,945587,Skyrim.esm
958630=1,1,,1,,614753,Skyrim.esm,-1,-1,,1,,614789,Skyrim.esm
958631=1,1,,1,,614753,Skyrim.esm,-1,-1,,1,,945585,Skyrim.esm
958632=1,1,,1,,614753,Skyrim.esm,-1,-1,,1,,476196,Skyrim.esm
958633=1,1,1,1,,614752,Skyrim.esm,-1,-1,,1,,476174,Skyrim.esm
958634=1,1,,1,,614753,Skyrim.esm,-1,-1,,1,,945596,Skyrim.esm
958635=1,1,,1,,614753,Skyrim.esm,-1,-1,,1,,945593,Skyrim.esm
958636=1,1,1,1,,614752,Skyrim.esm,-1,-1,,1,,476148,Skyrim.esm
958637=1,1,,1,,614753,Skyrim.esm,-1,-1,,1,,316760,Skyrim.esm
958638=1,1,1,1,,614752,Skyrim.esm,-1,-1,,1,,614676,Skyrim.esm
958639=1,1,,1,,614753,Skyrim.esm,-1,-1,,1,,945582,Skyrim.esm
958640=1,1,1,1,,614752,Skyrim.esm,-1,-1,,1,,476161,Skyrim.esm
958641=1,1,1,1,,614752,Skyrim.esm,-1,-1,,1,,476133,Skyrim.esm
958642=1,1,1,1,,614752,Skyrim.esm,-1,-1,,1,,476141,Skyrim.esm
958643=1,1,,1,,614753,Skyrim.esm,-1,-1,,1,,614866,Skyrim.esm
958644=1,1,1,1,,614752,Skyrim.esm,-1,-1,,1,,476178,Skyrim.esm
958645=1,1,1,1,,614752,Skyrim.esm,-1,-1,,1,,979187,Skyrim.esm
958646=1,1,,1,,614753,Skyrim.esm,-1,-1,,1,,614844,Skyrim.esm
958647=1,1,,1,,614753,Skyrim.esm,-1,-1,,1,,614849,Skyrim.esm
958648=1,1,,1,,614753,Skyrim.esm,-1,-1,,1,,614800,Skyrim.esm
958649=1,1,1,1,,614752,Skyrim.esm,-1,-1,,1,,476192,Skyrim.esm
958650=1,1,1,1,,614752,Skyrim.esm,-1,-1,,1,,476130,Skyrim.esm
958651=1,1,1,1,,614752,Skyrim.esm,-1,-1,,1,,476191,Skyrim.esm
958652=1,1,1,1,,614752,Skyrim.esm,-1,-1,,1,,476184,Skyrim.esm
958653=1,1,1,1,,614752,Skyrim.esm,-1,-1,,1,,333419,Skyrim.esm
958654=1,1,1,1,,614752,Skyrim.esm,-1,-1,,1,,476176,Skyrim.esm
958655=1,1,1,1,,614752,Skyrim.esm,-1,-1,,1,,476149,Skyrim.esm
958656=1,1,,1,,614753,Skyrim.esm,-1,-1,,1,,614857,Skyrim.esm
958657=1,1,,1,,614753,Skyrim.esm,-1,-1,,1,,945590,Skyrim.esm
958658=1,1,1,1,,614752,Skyrim.esm,-1,-1,,1,,476162,Skyrim.esm
958659=1,1,1,1,,614752,Skyrim.esm,-1,-1,,1,,476145,Skyrim.esm
958660=1,1,1,1,,614752,Skyrim.esm,-1,-1,,1,,476119,Skyrim.esm
958661=1,1,1,1,,614752,Skyrim.esm,-1,-1,,1,,476144,Skyrim.esm
958662=1,1,1,1,,614752,Skyrim.esm,-1,-1,,1,,476179,Skyrim.esm
958663=1,1,,1,,614753,Skyrim.esm,-1,-1,,1,,316846,Skyrim.esm
958664=1,1,,1,,614753,Skyrim.esm,-1,-1,,1,,945592,Skyrim.esm
958665=1,1,1,1,,614752,Skyrim.esm,-1,-1,,1,,476135,Skyrim.esm
958666=1,1,1,1,,614752,Skyrim.esm,-1,-1,,1,,476158,Skyrim.esm
958667=1,1,1,1,,614752,Skyrim.esm,-1,-1,,1,,476150,Skyrim.esm
958668=1,1,1,1,,614752,Skyrim.esm,-1,-1,,1,,476160,Skyrim.esm
958669=1,1,1,1,,614752,Skyrim.esm,-1,-1,,1,,476169,Skyrim.esm
958670=1,1,,1,,614753,Skyrim.esm,-1,-1,,1,,614801,Skyrim.esm
958673=1,1,,1,,479236,Skyrim.esm,-1,-1,,1,,479218,Skyrim.esm
958674=1,1,1,1,,479215,Skyrim.esm,-1,-1,,1,,333391,Skyrim.esm
958677=1,1,1,1,,614752,Skyrim.esm,-1,-1,,1,,476013,Skyrim.esm
958678=1,1,,1,,614753,Skyrim.esm,-1,-1,,1,,614772,Skyrim.esm
958679=1,1,,1,,614753,Skyrim.esm,-1,-1,,1,,316783,Skyrim.esm
958680=1,1,1,1,,614752,Skyrim.esm,-1,-1,,1,,475963,Skyrim.esm
958681=1,1,1,1,,614752,Skyrim.esm,-1,-1,,1,,476012,Skyrim.esm
958682=1,1,1,1,,614752,Skyrim.esm,-1,-1,,1,,476026,Skyrim.esm
958683=1,1,,1,,614753,Skyrim.esm,-1,-1,,1,,614777,Skyrim.esm
958684=1,1,,1,,614753,Skyrim.esm,-1,-1,,1,,614781,Skyrim.esm
958685=1,1,,1,,614753,Skyrim.esm,-1,-1,,1,,614776,Skyrim.esm
958686=1,1,,1,,614753,Skyrim.esm,-1,-1,,1,,316779,Skyrim.esm
958687=1,1,1,1,,614752,Skyrim.esm,-1,-1,,1,,476022,Skyrim.esm
958688=1,1,1,1,,614752,Skyrim.esm,-1,-1,,1,,476007,Skyrim.esm
958689=1,1,,1,,614753,Skyrim.esm,-1,-1,,1,,316778,Skyrim.esm
958690=1,1,,1,,614753,Skyrim.esm,-1,-1,,1,,316780,Skyrim.esm
1=
